0      SO     0      0      f0100000 1      {standard input}
1      SOL    0      0      f010000c 18     kern/entry.S
2      SLINE  0      44     f010000c 0      
3      SLINE  0      57     f0100015 0      
4      SLINE  0      58     f010001a 0      
5      SLINE  0      60     f010001d 0      
6      SLINE  0      61     f0100020 0      
7      SLINE  0      62     f0100025 0      
8      SLINE  0      67     f0100028 0      
9      SLINE  0      68     f010002d 0      
10     SLINE  0      74     f010002f 0      
11     SLINE  0      77     f0100034 0      
12     SLINE  0      80     f0100039 0      
13     SLINE  0      83     f010003e 0      
14     SO     0      2      f0100040 31     kern/entrypgdir.c
65     SO     0      0      f0100040 0      
66     SO     0      2      f0100040 2631   kern/init.c
94     FUN    0      0      f0100040 2715   test_backtrace:F(0,18)
96     SLINE  0      13     00000000 0      
97     SLINE  0      14     0000000a 0      
98     SLINE  0      15     0000001a 0      
99     SLINE  0      16     0000001e 0      
100    SLINE  0      18     0000002b 0      
101    SLINE  0      19     00000047 0      
102    SLINE  0      20     00000057 0      
104    FUN    0      0      f010009d 2756   i386_init:F(0,18)
105    SLINE  0      24     00000000 0      
106    SLINE  0      30     00000006 0      
107    SLINE  0      34     00000028 0      
108    SLINE  0      36     0000002d 0      
109    SLINE  0      39     00000041 0      
110    SLINE  0      43     0000004d 0      
111    FUN    0      0      f01000f8 2774   _panic:F(0,18)
115    SLINE  0      59     00000000 0      
116    SLINE  0      62     0000000b 0      
117    SLINE  0      64     00000014 0      
118    SLINE  0      67     0000001a 0      
119    SLINE  0      69     0000001c 0      
120    SLINE  0      70     0000001f 0      
121    SLINE  0      71     00000039 0      
122    SLINE  0      72     00000045 0      
123    SLINE  0      78     00000051 0      
127    FUN    0      0      f0100157 2870   _warn:F(0,18)
131    SLINE  0      84     00000000 0      
132    SLINE  0      87     00000007 0      
133    SLINE  0      88     0000000a 0      
134    SLINE  0      89     00000024 0      
135    SLINE  0      90     00000033 0      
136    SLINE  0      92     0000003f 0      
141    SO     0      0      f010019c 0      
142    SO     0      2      f01001a0 2914   kern/console.c
171    FUN    0      0      f01001a0 2956   delay:f(0,18)
172    SLINE  0      19     00000000 0      
173    SOL    0      0      f01001a3 2929   ./inc/x86.h
174    SLINE  0      48     00000003 0      
175    SOL    0      0      f01001ac 2914   kern/console.c
176    SLINE  0      24     0000000c 0      
177    FUN    0      0      f01001ae 2970   serial_proc_data:f(0,1)
178    SLINE  0      54     00000000 0      
179    SOL    0      0      f01001b1 2929   ./inc/x86.h
180    SLINE  0      48     00000003 0      
181    SOL    0      0      f01001b7 2914   kern/console.c
182    SLINE  0      55     00000009 0      
183    SOL    0      0      f01001bb 2929   ./inc/x86.h
184    SLINE  0      48     0000000d 0      
185    SOL    0      0      f01001be 2914   kern/console.c
186    SLINE  0      57     00000010 0      
187    SLINE  0      56     00000015 0      
188    SLINE  0      58     0000001a 0      
189    FUN    0      0      f01001ca 2994   cons_intr:f(0,18)
191    SLINE  0      397    00000000 0      
192    SLINE  0      400    00000009 0      
193    SLINE  0      401    0000000b 0      
194    SLINE  0      403    0000000f 0      
195    SLINE  0      404    0000001d 0      
196    SLINE  0      405    00000023 0      
197    SLINE  0      400    00000031 0      
198    SLINE  0      407    0000003a 0      
202    FUN    0      0      f010020a 3049   cons_putc:f(0,18)
204    SLINE  0      434    00000000 0      
205    SOL    0      0      f0100215 2929   ./inc/x86.h
206    SLINE  0      48     0000000b 0      
207    SOL    0      0      f010021b 2914   kern/console.c
208    SLINE  0      72     00000011 0      
209    SOL    0      0      f0100224 2929   ./inc/x86.h
210    SLINE  0      48     0000001a 0      
211    SOL    0      0      f0100229 2914   kern/console.c
212    SLINE  0      75     0000001f 0      
213    SOL    0      0      f010022e 2929   ./inc/x86.h
214    SLINE  0      48     00000024 0      
215    SOL    0      0      f0100231 2914   kern/console.c
216    SLINE  0      72     00000027 0      
217    SLINE  0      73     0000002b 0      
218    SLINE  0      77     00000030 0      
219    SOL    0      0      f0100244 2929   ./inc/x86.h
220    SLINE  0      98     0000003a 0      
221    SLINE  0      48     00000040 0      
222    SOL    0      0      f010024d 2914   kern/console.c
223    SLINE  0      118    00000043 0      
224    SOL    0      0      f0100256 2929   ./inc/x86.h
225    SLINE  0      48     0000004c 0      
226    SOL    0      0      f010025b 2914   kern/console.c
227    SLINE  0      119    00000051 0      
228    SOL    0      0      f0100260 2929   ./inc/x86.h
229    SLINE  0      48     00000056 0      
230    SOL    0      0      f0100263 2914   kern/console.c
231    SLINE  0      118    00000059 0      
232    SOL    0      0      f010026c 2929   ./inc/x86.h
233    SLINE  0      98     00000062 0      
234    SOL    0      0      f0100284 2914   kern/console.c
235    SLINE  0      169    0000007a 0      
236    SLINE  0      171    00000086 0      
237    SLINE  0      172    0000008e 0      
238    SLINE  0      173    00000098 0      
239    SLINE  0      175    000000c8 0      
240    SLINE  0      176    000000d8 0      
241    SLINE  0      177    000000e1 0      
242    SLINE  0      181    000000fb 0      
243    SLINE  0      184    00000103 0      
244    SLINE  0      187    00000121 0      
245    SLINE  0      188    0000012b 0      
246    SLINE  0      189    00000135 0      
247    SLINE  0      190    0000013f 0      
248    SLINE  0      191    00000149 0      
249    SLINE  0      194    00000155 0      
250    SLINE  0      199    00000172 0      
251    SLINE  0      202    0000017d 0      
252    SLINE  0      204    0000019c 0      
253    SLINE  0      203    000001a2 0      
254    SLINE  0      204    000001a7 0      
255    SLINE  0      203    000001ad 0      
256    SLINE  0      205    000001b7 0      
257    SLINE  0      209    000001bf 0      
258    SOL    0      0      f01003cf 2929   ./inc/x86.h
259    SLINE  0      98     000001c5 0      
260    SOL    0      0      f01003d7 2914   kern/console.c
261    SLINE  0      210    000001cd 0      
262    SOL    0      0      f01003e7 2929   ./inc/x86.h
263    SLINE  0      98     000001dd 0      
264    SOL    0      0      f01003f7 2914   kern/console.c
265    SLINE  0      438    000001ed 0      
272    FUN    0      0      f01003ff 3085   kbd_proc_data:f(0,1)
273    SLINE  0      321    00000000 0      
274    SOL    0      0      f0100406 2929   ./inc/x86.h
275    SLINE  0      48     00000007 0      
276    SOL    0      0      f010040c 2914   kern/console.c
277    SLINE  0      326    0000000d 0      
278    SOL    0      0      f0100414 2929   ./inc/x86.h
279    SLINE  0      48     00000015 0      
280    SOL    0      0      f0100419 2914   kern/console.c
281    SLINE  0      331    0000001a 0      
282    SLINE  0      333    0000001e 0      
283    SLINE  0      334    00000025 0      
284    SLINE  0      335    0000002f 0      
285    SLINE  0      337    00000033 0      
286    SLINE  0      338    00000046 0      
287    SLINE  0      339    00000060 0      
288    SLINE  0      340    0000006a 0      
289    SLINE  0      342    00000075 0      
290    SLINE  0      343    0000007a 0      
291    SLINE  0      346    00000083 0      
292    SLINE  0      347    00000093 0      
293    SLINE  0      349    000000a1 0      
294    SLINE  0      350    000000b4 0      
295    SLINE  0      351    000000b8 0      
296    SLINE  0      352    000000c2 0      
297    SLINE  0      353    000000c7 0      
298    SLINE  0      354    000000ca 0      
299    SLINE  0      359    000000d3 0      
300    SLINE  0      359    000000d9 0      
301    SLINE  0      360    000000e1 0      
302    SOL    0      0      f01004ec 2929   ./inc/x86.h
303    SLINE  0      98     000000ed 0      
304    SOL    0      0      f01004f9 2914   kern/console.c
305    SLINE  0      327    000000fa 0      
306    SLINE  0      365    000000ff 0      
312    FUN    0      0      f0100506 3131   serial_intr:F(0,18)
313    SLINE  0      62     00000000 0      
314    SLINE  0      63     00000000 0      
315    SLINE  0      62     00000009 0      
316    SLINE  0      64     0000000f 0      
317    SLINE  0      65     00000019 0      
318    FUN    0      0      f0100522 3151   kbd_intr:F(0,18)
319    SLINE  0      369    00000000 0      
320    SLINE  0      370    00000006 0      
321    SLINE  0      371    00000010 0      
322    FUN    0      0      f0100534 3168   cons_getc:F(0,1)
323    SLINE  0      412    00000000 0      
324    SLINE  0      418    00000006 0      
325    SLINE  0      419    0000000b 0      
326    SLINE  0      422    00000010 0      
327    SLINE  0      423    0000001e 0      
328    SLINE  0      424    00000028 0      
329    SLINE  0      423    0000002e 0      
330    SLINE  0      428    0000003e 0      
331    SLINE  0      429    00000043 0      
335    FUN    0      0      f0100579 3185   cons_init:F(0,18)
336    SLINE  0      443    00000000 0      
337    SLINE  0      142    00000009 0      
338    SLINE  0      143    00000010 0      
339    SLINE  0      144    00000019 0      
340    SLINE  0      146    00000026 0      
341    SLINE  0      145    00000030 0      
342    SLINE  0      148    00000037 0      
343    SLINE  0      149    0000003e 0      
344    SLINE  0      141    00000048 0      
345    SLINE  0      153    0000004d 0      
346    SOL    0      0      f01005cc 2929   ./inc/x86.h
347    SLINE  0      98     00000053 0      
348    SOL    0      0      f01005d4 2914   kern/console.c
349    SLINE  0      154    0000005b 0      
350    SOL    0      0      f01005d7 2929   ./inc/x86.h
351    SLINE  0      48     0000005e 0      
352    SOL    0      0      f01005da 2914   kern/console.c
353    SLINE  0      154    00000061 0      
354    SOL    0      0      f01005e0 2929   ./inc/x86.h
355    SLINE  0      98     00000067 0      
356    SLINE  0      48     0000006f 0      
357    SOL    0      0      f01005eb 2914   kern/console.c
358    SLINE  0      158    00000072 0      
359    SLINE  0      156    00000078 0      
360    SLINE  0      159    0000007d 0      
361    SOL    0      0      f01005fd 2929   ./inc/x86.h
362    SLINE  0      98     00000084 0      
363    SLINE  0      48     000000c6 0      
364    SOL    0      0      f0100642 2914   kern/console.c
365    SLINE  0      101    000000c9 0      
366    SOL    0      0      f010064d 2929   ./inc/x86.h
367    SLINE  0      48     000000d4 0      
368    SOL    0      0      f0100653 2914   kern/console.c
369    SLINE  0      448    000000da 0      
370    SLINE  0      449    000000de 0      
371    SLINE  0      450    000000ea 0      
376    FUN    0      0      f010066b 3232   cputchar:F(0,18)
378    SLINE  0      457    00000000 0      
379    SLINE  0      458    00000006 0      
380    SLINE  0      459    0000000e 0      
381    FUN    0      0      f010067b 3258   getchar:F(0,1)
382    SLINE  0      463    00000000 0      
383    SLINE  0      466    00000006 0      
384    SLINE  0      469    0000000f 0      
388    FUN    0      0      f010068c 3273   iscons:F(0,1)
390    SLINE  0      473    00000000 0      
391    SLINE  0      476    00000003 0      
403    SO     0      0      f0100696 0      
404    SO     0      2      f01006a0 3638   kern/monitor.c
434    FUN    0      0      f01006a0 3931   mon_kerninfo:F(0,1)
438    SLINE  0      44     00000000 0      
439    SLINE  0      47     00000006 0      
440    SLINE  0      48     00000012 0      
441    SLINE  0      49     00000026 0      
442    SLINE  0      50     00000042 0      
443    SLINE  0      51     0000005e 0      
444    SLINE  0      52     0000007a 0      
445    SLINE  0      54     00000096 0      
446    SLINE  0      53     000000a5 0      
447    SLINE  0      56     000000c3 0      
451    FUN    0      0      f010076a 4026   mon_help:F(0,1)
455    SLINE  0      34     00000000 0      
456    SLINE  0      38     00000006 0      
457    SLINE  0      40     0000003e 0      
458    FUN    0      0      f01007af 4066   mon_backtrace:F(0,1)
462    SLINE  0      60     00000000 0      
463    SOL    0      0      f01007b8 2929   ./inc/x86.h
464    SLINE  0      246    00000009 0      
465    SOL    0      0      f01007bd 3638   kern/monitor.c
466    SLINE  0      65     0000000e 0      
467    SLINE  0      66     00000010 0      
468    SLINE  0      67     00000016 0      
469    SLINE  0      68     0000001c 0      
470    SLINE  0      69     00000022 0      
471    SLINE  0      70     00000028 0      
472    SLINE  0      71     0000002b 0      
473    SLINE  0      73     0000002e 0      
474    SLINE  0      74     0000003a 0      
475    SLINE  0      75     00000049 0      
476    SLINE  0      77     00000074 0      
477    SLINE  0      78     00000076 0      
478    SLINE  0      79     0000007c 0      
479    SLINE  0      80     0000007f 0      
480    SLINE  0      81     00000082 0      
481    SLINE  0      82     00000085 0      
482    SLINE  0      83     00000088 0      
483    SLINE  0      74     0000008b 0      
484    SLINE  0      87     0000008f 0      
494    FUN    0      0      f010084b 4174   monitor:F(0,18)
496    SLINE  0      137    00000000 0      
497    SLINE  0      140    00000009 0      
498    SLINE  0      142    00000015 0      
499    SLINE  0      129    00000021 0      
500    SLINE  0      146    00000024 0      
501    SLINE  0      147    00000032 0      
502    SLINE  0      105    00000036 0      
503    SLINE  0      104    0000003d 0      
504    SLINE  0      109    00000044 0      
505    SLINE  0      108    0000004a 0      
506    SLINE  0      110    00000068 0      
507    SLINE  0      114    0000006d 0      
508    SLINE  0      115    00000072 0      
509    SLINE  0      118    00000088 0      
510    SLINE  0      119    0000008f 0      
511    SLINE  0      120    00000098 0      
512    SLINE  0      119    0000009b 0      
513    SLINE  0      122    000000bb 0      
514    SLINE  0      125    000000c3 0      
515    SLINE  0      128    000000cb 0      
516    SLINE  0      129    00000102 0      
517    SLINE  0      148    0000011c 0      
518    SLINE  0      131    00000125 0      
519    SLINE  0      151    0000013d 0      
539    SO     0      0      f0100990 0      
540    SO     0      2      f0100990 4308   kern/printf.c
563    FUN    0      0      f0100990 4322   putch:f(0,18)
566    SLINE  0      13     00000000 0      
567    SLINE  0      14     00000006 0      
568    SLINE  0      16     00000011 0      
570    FUN    0      0      f01009a3 4375   vcprintf:F(0,1)
573    SLINE  0      20     00000000 0      
574    SLINE  0      21     00000006 0      
575    SLINE  0      23     0000000d 0      
576    SLINE  0      25     0000002e 0      
582    FUN    0      0      f01009d6 4452   cprintf:F(0,1)
584    SLINE  0      29     00000000 0      
585    SLINE  0      33     00000006 0      
586    SLINE  0      34     00000009 0      
587    SLINE  0      38     00000018 0      
592    SO     0      0      f01009f0 0      
593    SO     0      2      f01009f0 4490   kern/kdebug.c
623    FUN    0      0      f01009f0 4629   stab_binsearch:f(0,18)
629    SLINE  0      53     00000000 0      
630    SLINE  0      54     00000014 0      
631    SLINE  0      56     00000022 0      
632    SLINE  0      57     00000024 0      
633    SLINE  0      60     00000033 0      
634    SLINE  0      61     00000035 0      
635    SLINE  0      60     00000036 0      
636    SLINE  0      51     0000003a 0      
637    SLINE  0      60     0000003d 0      
638    SLINE  0      60     00000046 0      
639    SLINE  0      69     00000049 0      
640    SLINE  0      63     00000057 0      
641    SLINE  0      64     0000005a 0      
642    SLINE  0      70     0000005c 0      
643    SLINE  0      71     00000061 0      
644    SLINE  0      68     00000064 0      
645    SLINE  0      72     0000006d 0      
646    SLINE  0      73     00000072 0      
647    SLINE  0      68     0000007e 0      
648    SLINE  0      78     00000087 0      
649    SLINE  0      80     0000008f 0      
650    SLINE  0      68     00000094 0      
651    SLINE  0      56     0000009b 0      
652    SLINE  0      84     000000a0 0      
653    SLINE  0      85     000000a6 0      
654    SLINE  0      88     000000b3 0      
655    SLINE  0      89     000000b8 0      
656    SLINE  0      88     000000bd 0      
657    SLINE  0      90     000000bf 0      
658    SLINE  0      88     000000c0 0      
659    SLINE  0      51     000000c4 0      
660    SLINE  0      89     000000c7 0      
661    SLINE  0      92     000000d0 0      
662    SLINE  0      94     000000d5 0      
668    FUN    0      0      f0100acd 4784   debuginfo_eip:F(0,1)
671    SLINE  0      106    00000000 0      
672    SLINE  0      112    00000015 0      
673    SLINE  0      113    0000001b 0      
674    SLINE  0      114    00000022 0      
675    SLINE  0      115    00000029 0      
676    SLINE  0      116    00000030 0      
677    SLINE  0      117    00000033 0      
678    SLINE  0      120    0000003a 0      
679    SLINE  0      131    00000042 0      
680    SLINE  0      127    00000054 0      
681    SLINE  0      131    00000070 0      
682    SLINE  0      140    0000007d 0      
683    SLINE  0      141    00000084 0      
684    SLINE  0      142    0000009d 0      
685    SLINE  0      143    000000b8 0      
686    SLINE  0      148    000000c3 0      
687    SLINE  0      149    000000c6 0      
688    SLINE  0      150    000000cc 0      
689    SLINE  0      152    000000e7 0      
690    SLINE  0      155    000000ef 0      
691    SLINE  0      156    0000010d 0      
692    SLINE  0      157    00000115 0      
693    SLINE  0      165    0000011d 0      
694    SLINE  0      166    00000120 0      
695    SLINE  0      170    00000123 0      
696    SLINE  0      189    0000013c 0      
697    SLINE  0      190    00000143 0      
698    SLINE  0      105    00000155 0      
699    SLINE  0      192    00000162 0      
700    SLINE  0      189    00000165 0      
701    SLINE  0      190    00000169 0      
702    SLINE  0      191    00000177 0      
703    SLINE  0      191    0000017c 0      
704    SLINE  0      193    00000182 0      
705    SLINE  0      193    00000186 0      
706    SLINE  0      194    0000019e 0      
707    SLINE  0      199    000001a5 0      
708    SLINE  0      205    000001ab 0      
709    SLINE  0      199    000001b0 0      
710    SLINE  0      200    000001b4 0      
711    SLINE  0      201    000001bb 0      
712    SLINE  0      105    000001c7 0      
713    SLINE  0      203    000001d0 0      
714    SLINE  0      202    000001d4 0      
715    SLINE  0      200    000001d7 0      
716    SLINE  0      201    000001de 0      
717    SLINE  0      205    000001e4 0      
718    SLINE  0      132    000001eb 0      
719    SLINE  0      144    000001f9 0      
720    SLINE  0      205    00000200 0      
721    SLINE  0      206    00000213 0      
730    SO     0      0      f0100ced 0      
731    SO     0      2      f0100cf0 4897   lib/printfmt.c
758    FUN    0      0      f0100cf0 5095   printnum:f(0,18)
765    SLINE  0      53     00000000 0      
766    SLINE  0      55     0000001a 0      
767    SLINE  0      59     0000002b 0      
768    SLINE  0      56     0000003a 0      
769    SLINE  0      60     0000009b 0      
770    SLINE  0      59     000000a7 0      
771    SLINE  0      64     000000af 0      
772    SLINE  0      65     000000eb 0      
773    FUN    0      0      f0100de3 5213   getuint:f(0,7)
776    SLINE  0      71     00000000 0      
777    SLINE  0      72     00000003 0      
778    SLINE  0      73     00000008 0      
779    SLINE  0      74     00000016 0      
780    SLINE  0      75     0000001a 0      
781    SLINE  0      77     0000002a 0      
782    SLINE  0      78     00000038 0      
783    FUN    0      0      f0100e1d 5259   sprintputch:f(0,18)
786    SLINE  0      302    00000000 0      
787    SLINE  0      303    00000006 0      
788    SLINE  0      304    0000000a 0      
789    SLINE  0      305    00000011 0      
790    SLINE  0      306    0000001b 0      
793    FUN    0      0      f0100e3a 5307   printfmt:F(0,18)
797    SLINE  0      286    00000000 0      
798    SLINE  0      289    00000006 0      
799    SLINE  0      290    00000009 0      
800    SLINE  0      292    00000026 0      
804    FUN    0      0      f0100e62 5413   vprintfmt:F(0,18)
809    SLINE  0      99     00000000 0      
810    SLINE  0      109    00000014 0      
811    SLINE  0      111    0000001c 0      
812    SLINE  0      108    00000025 0      
813    SLINE  0      108    00000030 0      
814    SLINE  0      121    00000050 0      
815    SLINE  0      125    00000053 0      
816    SLINE  0      121    00000059 0      
817    SLINE  0      130    0000005c 0      
818    SLINE  0      121    00000062 0      
819    SLINE  0      157    00000065 0      
820    SLINE  0      166    0000006e 0      
821    SLINE  0      121    0000007b 0      
822    SLINE  0      144    0000009c 0      
823    SLINE  0      145    000000a2 0      
824    SLINE  0      146    000000a6 0      
825    SLINE  0      121    000000ae 0      
826    SLINE  0      143    000000b7 0      
827    SLINE  0      144    000000ba 0      
828    SLINE  0      145    000000c1 0      
829    SLINE  0      146    000000c4 0      
830    SLINE  0      152    000000d4 0      
831    SLINE  0      121    000000e2 0      
832    SLINE  0      153    000000e5 0      
833    SLINE  0      156    000000e7 0      
834    SLINE  0      121    000000f1 0      
835    SLINE  0      161    000000f9 0      
836    SLINE  0      162    00000100 0      
837    SLINE  0      121    00000105 0      
838    SLINE  0      165    00000108 0      
839    SLINE  0      171    00000117 0      
840    SLINE  0      121    0000011a 0      
841    SLINE  0      172    0000011d 0      
842    SLINE  0      176    00000122 0      
843    SLINE  0      121    00000136 0      
844    SLINE  0      177    00000139 0      
845    SLINE  0      180    0000013e 0      
846    SLINE  0      181    00000158 0      
847    SLINE  0      182    0000015c 0      
848    SLINE  0      184    0000015f 0      
849    SLINE  0      186    0000016b 0      
850    SLINE  0      188    00000194 0      
851    SLINE  0      189    0000019e 0      
852    SLINE  0      189    000001b5 0      
853    SLINE  0      190    000001bf 0      
854    SLINE  0      190    000001d6 0      
855    SLINE  0      191    000001e0 0      
856    SLINE  0      191    000001f7 0      
857    SLINE  0      192    00000201 0      
858    SLINE  0      192    00000218 0      
859    SLINE  0      193    00000222 0      
860    SLINE  0      193    00000239 0      
861    SLINE  0      194    00000243 0      
862    SLINE  0      194    0000025a 0      
863    SLINE  0      195    00000264 0      
864    SLINE  0      195    0000027b 0      
865    SLINE  0      196    00000285 0      
866    SLINE  0      196    0000029c 0      
867    SLINE  0      197    000002a6 0      
868    SLINE  0      197    000002c1 0      
869    SLINE  0      203    000002d0 0      
870    SLINE  0      206    000002e4 0      
871    SLINE  0      206    000002e9 0      
872    SLINE  0      207    000002f4 0      
873    SLINE  0      121    0000030c 0      
874    SLINE  0      207    0000030f 0      
875    SLINE  0      209    00000314 0      
876    SLINE  0      121    0000032c 0      
877    SLINE  0      214    0000033d 0      
878    SLINE  0      215    00000348 0      
879    SLINE  0      216    00000352 0      
880    SLINE  0      219    0000035e 0      
881    SLINE  0      217    00000374 0      
882    SLINE  0      218    0000038c 0      
883    SLINE  0      217    000003a4 0      
884    SLINE  0      220    000003b1 0      
885    SLINE  0      220    000003b7 0      
886    SLINE  0      221    000003c2 0      
887    SLINE  0      223    000003d7 0      
888    SLINE  0      219    000003e6 0      
889    SLINE  0      121    000003ff 0      
890    SLINE  0      224    00000402 0      
891    SLINE  0      219    0000041a 0      
892    SLINE  0      219    0000041e 0      
893    SLINE  0      225    00000431 0      
894    SLINE  0      224    0000043e 0      
895    SLINE  0      121    00000443 0      
896    SLINE  0      85     0000044b 0      
897    SLINE  0      86     00000450 0      
898    SLINE  0      87     00000466 0      
899    SLINE  0      88     0000046a 0      
900    SLINE  0      90     00000482 0      
901    SLINE  0      230    00000498 0      
902    SLINE  0      235    0000049e 0      
903    SLINE  0      231    000004a3 0      
904    SLINE  0      232    000004a9 0      
905    SLINE  0      233    000004b6 0      
906    SLINE  0      235    000004c3 0      
907    SLINE  0      240    000004ca 0      
908    SLINE  0      241    000004d2 0      
909    SLINE  0      242    000004d7 0      
910    SLINE  0      247    000004d9 0      
911    SLINE  0      248    000004e1 0      
912    SLINE  0      249    000004e6 0      
913    SLINE  0      254    000004e8 0      
914    SLINE  0      255    000004f5 0      
915    SLINE  0      257    00000502 0      
916    SLINE  0      256    0000050b 0      
917    SLINE  0      258    00000512 0      
918    SLINE  0      259    00000517 0      
919    SLINE  0      263    00000519 0      
920    SLINE  0      264    00000521 0      
921    SLINE  0      266    00000526 0      
922    SLINE  0      267    00000549 0      
923    SLINE  0      271    00000551 0      
924    SLINE  0      121    0000055a 0      
925    SLINE  0      272    0000055d 0      
926    SLINE  0      276    00000562 0      
927    SLINE  0      277    0000056f 0      
928    SLINE  0      277    00000579 0      
929    SLINE  0      282    00000587 0      
941    FUN    0      0      f01013f1 5550   vsnprintf:F(0,1)
946    SLINE  0      310    00000000 0      
947    SLINE  0      311    0000000c 0      
948    SLINE  0      313    0000001d 0      
949    SLINE  0      317    00000025 0      
950    SLINE  0      320    00000046 0      
951    SLINE  0      322    0000004c 0      
952    SLINE  0      314    00000051 0      
953    SLINE  0      323    00000056 0      
961    FUN    0      0      f0101449 5616   snprintf:F(0,1)
965    SLINE  0      327    00000000 0      
966    SLINE  0      331    00000006 0      
967    SLINE  0      332    00000009 0      
968    SLINE  0      336    00000026 0      
977    SO     0      0      f0101471 0      
978    SO     0      2      f0101480 5699   lib/readline.c
1001   FUN    0      0      f0101480 5714   readline:F(2,2)
1003   SLINE  0      9      00000000 0      
1004   SLINE  0      12     0000000c 0      
1005   SLINE  0      13     00000010 0      
1006   SLINE  0      16     00000020 0      
1007   SLINE  0      15     0000002e 0      
1008   SLINE  0      18     00000033 0      
1009   SLINE  0      19     0000003a 0      
1010   SLINE  0      20     0000003e 0      
1011   SLINE  0      21     0000004e 0      
1012   SLINE  0      22     00000055 0      
1013   SLINE  0      22     0000005f 0      
1014   SLINE  0      23     00000063 0      
1015   SLINE  0      24     00000067 0      
1016   SLINE  0      25     00000073 0      
1017   SLINE  0      26     00000078 0      
1018   SLINE  0      27     00000085 0      
1019   SLINE  0      28     00000089 0      
1020   SLINE  0      29     00000091 0      
1021   SLINE  0      30     0000009c 0      
1022   SLINE  0      31     000000a6 0      
1023   SLINE  0      32     000000aa 0      
1024   SLINE  0      33     000000b6 0      
1025   SLINE  0      34     000000bd 0      
1026   SLINE  0      37     000000c2 0      
1034   SO     0      0      f010154a 0      
1035   SO     0      2      f0101550 5830   lib/string.c
1057   FUN    0      0      f0101550 5843   strlen:F(0,1)
1059   SLINE  0      13     00000000 0      
1060   SLINE  0      16     00000006 0      
1061   SLINE  0      16     0000000b 0      
1062   SLINE  0      17     00000010 0      
1063   SLINE  0      16     00000013 0      
1064   SLINE  0      16     0000001b 0      
1065   SLINE  0      19     00000020 0      
1070   FUN    0      0      f0101572 5884   strnlen:F(0,1)
1073   SLINE  0      23     00000000 0      
1074   SLINE  0      26     0000000a 0      
1075   SLINE  0      26     00000013 0      
1076   SLINE  0      27     00000018 0      
1077   SLINE  0      26     0000001a 0      
1078   SLINE  0      26     00000021 0      
1079   SLINE  0      26     0000002a 0      
1080   SLINE  0      29     00000036 0      
1086   FUN    0      0      f01015ab 5935   strcpy:F(0,20)=*(0,2)
1089   SLINE  0      33     00000000 0      
1090   SLINE  0      37     0000000a 0      
1091   SLINE  0      37     0000000c 0      
1092   SLINE  0      40     0000001b 0      
1095   FUN    0      0      f01015c9 6005   strcat:F(0,20)
1098   SLINE  0      44     00000000 0      
1099   SLINE  0      45     0000000a 0      
1100   SLINE  0      46     00000012 0      
1101   SLINE  0      48     00000023 0      
1107   FUN    0      0      f01015f4 6031   strncpy:F(0,20)
1111   SLINE  0      51     00000000 0      
1112   SLINE  0      56     0000000e 0      
1113   SLINE  0      51     00000012 0      
1114   SLINE  0      57     00000016 0      
1115   SLINE  0      60     0000001e 0      
1116   SLINE  0      56     00000024 0      
1117   SLINE  0      63     00000028 0      
1121   FUN    0      0      f0101622 6047   strlcpy:F(2,16)
1125   SLINE  0      67     00000000 0      
1126   SLINE  0      71     0000000f 0      
1127   SLINE  0      72     00000015 0      
1128   SLINE  0      72     0000001a 0      
1129   SLINE  0      66     00000021 0      
1130   SLINE  0      73     00000029 0      
1131   SLINE  0      72     0000002e 0      
1132   SLINE  0      72     00000035 0      
1133   SLINE  0      72     0000003f 0      
1134   SLINE  0      74     00000045 0      
1135   SLINE  0      76     00000048 0      
1136   SLINE  0      77     0000004a 0      
1140   FUN    0      0      f0101671 6063   strcmp:F(0,1)
1143   SLINE  0      81     00000000 0      
1144   SLINE  0      82     00000009 0      
1145   SLINE  0      83     00000014 0      
1146   SLINE  0      82     0000001a 0      
1147   SLINE  0      82     00000021 0      
1148   SLINE  0      84     00000025 0      
1149   SLINE  0      85     0000002d 0      
1152   FUN    0      0      f01016a0 6117   strncmp:F(0,1)
1156   SLINE  0      89     00000000 0      
1157   SLINE  0      90     0000000e 0      
1158   SLINE  0      88     0000001d 0      
1159   SLINE  0      91     00000022 0      
1160   SLINE  0      90     00000027 0      
1161   SLINE  0      90     0000002b 0      
1162   SLINE  0      90     00000035 0      
1163   SLINE  0      93     0000003b 0      
1164   SLINE  0      95     00000049 0      
1165   SLINE  0      96     00000051 0      
1169   FUN    0      0      f01016f5 6152   strchr:F(0,20)
1172   SLINE  0      102    00000000 0      
1173   SLINE  0      103    0000000a 0      
1174   SLINE  0      104    00000013 0      
1175   SLINE  0      103    0000001d 0      
1176   SLINE  0      106    00000027 0      
1177   SLINE  0      107    00000033 0      
1180   FUN    0      0      f010172b 6176   strfind:F(0,20)
1183   SLINE  0      113    00000000 0      
1184   SLINE  0      114    0000000a 0      
1185   SLINE  0      115    00000013 0      
1186   SLINE  0      114    0000001d 0      
1187   SLINE  0      118    00000027 0      
1190   FUN    0      0      f0101755 6192   memset:F(0,21)=*(0,18)
1194   SLINE  0      123    00000000 0      
1195   SLINE  0      126    00000015 0      
1196   SLINE  0      128    00000019 0      
1197   SLINE  0      128    00000021 0      
1198   SLINE  0      129    00000026 0      
1199   SLINE  0      130    0000002a 0      
1200   SLINE  0      132    00000041 0      
1201   SLINE  0      131    00000044 0      
1202   SLINE  0      135    00000049 0      
1203   SLINE  0      139    0000004f 0      
1206   FUN    0      0      f01017b3 6235   memmove:F(0,21)
1210   SLINE  0      143    00000000 0      
1211   SLINE  0      149    00000015 0      
1212   SLINE  0      149    00000019 0      
1213   SLINE  0      151    00000020 0      
1214   SLINE  0      152    00000023 0      
1215   SLINE  0      152    00000028 0      
1216   SLINE  0      154    00000035 0      
1217   SLINE  0      153    0000003e 0      
1218   SLINE  0      157    00000043 0      
1219   SLINE  0      156    00000049 0      
1220   SLINE  0      159    0000004c 0      
1221   SLINE  0      161    0000004f 0      
1222   SLINE  0      161    00000057 0      
1223   SLINE  0      163    00000060 0      
1224   SLINE  0      162    00000063 0      
1225   SLINE  0      165    0000006a 0      
1226   SLINE  0      169    0000006f 0      
1233   FUN    0      0      f010182c 6317   memcpy:F(0,21)
1237   SLINE  0      210    00000000 0      
1238   SLINE  0      211    00000006 0      
1239   SLINE  0      212    0000001f 0      
1243   FUN    0      0      f010184d 6344   memcmp:F(0,1)
1247   SLINE  0      216    00000000 0      
1248   SLINE  0      220    0000000f 0      
1249   SLINE  0      221    00000016 0      
1250   SLINE  0      222    00000037 0      
1251   SLINE  0      220    00000041 0      
1252   SLINE  0      226    00000045 0      
1253   SLINE  0      227    00000051 0      
1257   FUN    0      0      f01018a3 6402   memfind:F(0,21)
1261   SLINE  0      231    00000000 0      
1262   SLINE  0      232    0000000a 0      
1263   SLINE  0      233    0000000f 0      
1264   SLINE  0      234    00000013 0      
1265   SLINE  0      233    0000001f 0      
1266   SLINE  0      237    00000026 0      
1272   FUN    0      0      f01018cc 6451   strtol:F(0,3)
1276   SLINE  0      241    00000000 0      
1277   SLINE  0      246    0000000f 0      
1278   SLINE  0      247    0000001a 0      
1279   SLINE  0      246    0000001d 0      
1280   SLINE  0      250    00000028 0      
1281   SLINE  0      251    0000002c 0      
1282   SLINE  0      242    0000002f 0      
1283   SLINE  0      252    0000003b 0      
1284   SLINE  0      253    0000003f 0      
1285   SLINE  0      256    00000046 0      
1286   SLINE  0      256    0000004e 0      
1287   SLINE  0      257    00000059 0      
1288   SLINE  0      258    00000063 0      
1289   SLINE  0      261    00000067 0      
1290   SLINE  0      258    00000069 0      
1291   SLINE  0      259    0000006e 0      
1292   SLINE  0      261    00000073 0      
1293   SLINE  0      267    0000007b 0      
1294   SLINE  0      268    00000088 0      
1295   SLINE  0      269    00000090 0      
1296   SLINE  0      270    0000009a 0      
1297   SLINE  0      271    000000a2 0      
1298   SLINE  0      272    000000ac 0      
1299   SLINE  0      275    000000b2 0      
1300   SLINE  0      277    000000b7 0      
1301   SLINE  0      279    000000c0 0      
1302   SLINE  0      271    000000c2 0      
1303   SLINE  0      275    000000c6 0      
1304   SLINE  0      281    000000c8 0      
1305   SLINE  0      282    000000ce 0      
1306   SLINE  0      283    000000d3 0      
1307   SLINE  0      284    000000dc 0      
1319   SO     0      0      f01019b0 0      
